V 54
K 1
D 0 -4064000 3048000 0
Y 1
U 2667000 762000 254000 0 2 3 REFDES=IC?
U 2667000 508000 254000 0 2 3 DEVICE=TPS65270PWPR
U 2667000 254000 254000 0 2 0 PKG_TYPE=SOP65P640X120-25N
U 2667000 0 254000 0 2 0 Description=2 Buck Converter with 4.5V to 16V Input Voltage, 2A/3A Output Current
U 2667000 -254000 254000 0 2 0 Datasheet Link=http://www.ti.com/lit/gpn/tps65270
U 2667000 -508000 254000 0 2 0 Height=1.2
U 2667000 -762000 254000 0 2 0 Manufacturer_Name=Texas Instruments
U 2667000 -1016000 254000 0 2 0 Manufacturer_Part_Number=TPS65270PWPR
U 2667000 -1270000 254000 0 2 0 Mouser Part Number=595-TPS65270PWPR
U 2667000 -1524000 254000 0 2 0 Mouser Price/Stock=https://www.mouser.co.uk/ProductDetail/Texas-Instruments/TPS65270PWPR?qs=0wAdyr7iVNgXpMrCa5cV8g%3D%3D
U 2667000 -1778000 254000 0 2 0 Arrow Part Number=TPS65270PWPR
U 2667000 -2032000 254000 0 2 0 Arrow Price/Stock=https://www.arrow.com/en/products/tps65270pwpr/texas-instruments
U 0 0 254000 0 1 0 FORWARD_PCB=1
l 5 508000 254000 2540000 254000 2540000 -3556000 508000 -3556000 508000 254000
|GRPHSTL -1 -1 -1 1
P 1 0 0 508000 0 0 2 0
L 584200 0 228600 0 2 0 1 0 EN1
A 355600 50800 203200 0 9 3 #=1
A 0 0 9 0 3 0 PINTYPE=BI
P 2 0 -254000 508000 -254000 0 2 0
L 584200 -254000 228600 0 2 0 1 0 FB1
A 355600 -203200 203200 0 9 3 #=2
A 0 0 9 0 3 0 PINTYPE=BI
P 3 0 -508000 508000 -508000 0 2 0
L 584200 -508000 228600 0 2 0 1 0 SS1
A 355600 -457200 203200 0 9 3 #=3
A 0 0 9 0 3 0 PINTYPE=BI
P 4 0 -762000 508000 -762000 0 2 0
L 584200 -762000 228600 0 2 0 1 0 COMP1
A 355600 -711200 203200 0 9 3 #=4
A 0 0 9 0 3 0 PINTYPE=BI
P 5 0 -1016000 508000 -1016000 0 2 0
L 584200 -1016000 228600 0 2 0 1 0 LOW_P
A 355600 -965200 203200 0 9 3 #=5
A 0 0 9 0 3 0 PINTYPE=BI
P 6 0 -1270000 508000 -1270000 0 2 0
L 584200 -1270000 228600 0 2 0 1 0 VCC
A 355600 -1219200 203200 0 9 3 #=6
A 0 0 9 0 3 0 PINTYPE=BI
P 7 0 -1524000 508000 -1524000 0 2 0
L 584200 -1524000 228600 0 2 0 1 0 AGND
A 355600 -1473200 203200 0 9 3 #=7
A 0 0 9 0 3 0 PINTYPE=BI
P 8 0 -1778000 508000 -1778000 0 2 0
L 584200 -1778000 228600 0 2 0 1 0 ROSC
A 355600 -1727200 203200 0 9 3 #=8
A 0 0 9 0 3 0 PINTYPE=BI
P 9 0 -2032000 508000 -2032000 0 2 0
L 584200 -2032000 228600 0 2 0 1 0 COMP2
A 355600 -1981200 203200 0 9 3 #=9
A 0 0 9 0 3 0 PINTYPE=BI
P 10 0 -2286000 508000 -2286000 0 2 0
L 584200 -2286000 228600 0 2 0 1 0 SS2
A 355600 -2235200 203200 0 9 3 #=10
A 0 0 9 0 3 0 PINTYPE=BI
P 11 0 -2540000 508000 -2540000 0 2 0
L 584200 -2540000 228600 0 2 0 1 0 FB2
A 355600 -2489200 203200 0 9 3 #=11
A 0 0 9 0 3 0 PINTYPE=BI
P 12 0 -2794000 508000 -2794000 0 2 0
L 584200 -2794000 228600 0 2 0 1 0 EN2
A 355600 -2743200 203200 0 9 3 #=12
A 0 0 9 0 3 0 PINTYPE=BI
P 13 1524000 -4064000 1524000 -3556000 0 1 0
L 1524000 -3479800 228600 1 2 0 1 0 EP
A 1473200 -3708400 203200 1 9 3 #=25
A 0 0 9 0 3 0 PINTYPE=BI
P 14 3048000 0 2540000 0 0 3 0
L 2463800 0 228600 0 8 0 1 0 BST1
A 2692400 50800 203200 0 3 3 #=24
A 0 0 9 0 3 0 PINTYPE=BI
P 15 3048000 -254000 2540000 -254000 0 3 0
L 2463800 -254000 228600 0 8 0 1 0 VIN1
A 2692400 -203200 203200 0 3 3 #=23
A 0 0 9 0 3 0 PINTYPE=BI
P 16 3048000 -508000 2540000 -508000 0 3 0
L 2463800 -508000 228600 0 8 0 1 0 LX1_2
A 2692400 -457200 203200 0 3 3 #=22
A 0 0 9 0 3 0 PINTYPE=BI
P 17 3048000 -762000 2540000 -762000 0 3 0
L 2463800 -762000 228600 0 8 0 1 0 LX1_1
A 2692400 -711200 203200 0 3 3 #=21
A 0 0 9 0 3 0 PINTYPE=BI
P 18 3048000 -1016000 2540000 -1016000 0 3 0
L 2463800 -1016000 228600 0 8 0 1 0 GND_4
A 2692400 -965200 203200 0 3 3 #=20
A 0 0 9 0 3 0 PINTYPE=BI
P 19 3048000 -1270000 2540000 -1270000 0 3 0
L 2463800 -1270000 228600 0 8 0 1 0 GND_3
A 2692400 -1219200 203200 0 3 3 #=19
A 0 0 9 0 3 0 PINTYPE=BI
P 20 3048000 -1524000 2540000 -1524000 0 3 0
L 2463800 -1524000 228600 0 8 0 1 0 GND_2
A 2692400 -1473200 203200 0 3 3 #=18
A 0 0 9 0 3 0 PINTYPE=BI
P 21 3048000 -1778000 2540000 -1778000 0 3 0
L 2463800 -1778000 228600 0 8 0 1 0 GND_1
A 2692400 -1727200 203200 0 3 3 #=17
A 0 0 9 0 3 0 PINTYPE=BI
P 22 3048000 -2032000 2540000 -2032000 0 3 0
L 2463800 -2032000 228600 0 8 0 1 0 LX2_2
A 2692400 -1981200 203200 0 3 3 #=16
A 0 0 9 0 3 0 PINTYPE=BI
P 23 3048000 -2286000 2540000 -2286000 0 3 0
L 2463800 -2286000 228600 0 8 0 1 0 LX2_1
A 2692400 -2235200 203200 0 3 3 #=15
A 0 0 9 0 3 0 PINTYPE=BI
P 24 3048000 -2540000 2540000 -2540000 0 3 0
L 2463800 -2540000 228600 0 8 0 1 0 VIN2
A 2692400 -2489200 203200 0 3 3 #=14
A 0 0 9 0 3 0 PINTYPE=BI
P 25 3048000 -2794000 2540000 -2794000 0 3 0
L 2463800 -2794000 228600 0 8 0 1 0 BST2
A 2692400 -2743200 203200 0 3 3 #=13
A 0 0 9 0 3 0 PINTYPE=BI
E
